<!DOCTYPE HTML>
<html>
<head>
    <meta charset="utf-8">
    <meta name="viewport" content="width=device-width, initial-scale=1, maximum-scale=1, user-scalable=no">
    <meta http-equiv="Content-Security-Policy" content="default-src * data: gap: content: https://ssl.gstatic.com; style-src * 'unsafe-inline'; script-src * 'unsafe-inline' 'unsafe-eval'">
    <script src="components/loader.js"></script>
    <link rel="stylesheet" href="style.css">
</head>
<body>
	<div class="logo">
    <svg version="1.1" xmlns="http://www.w3.org/2000/svg" xmlns:xlink="http://www.w3.org/1999/xlink" width="267.92322" height="100.2" viewBox="-10,-5,279,110"><g transform="translate(-106.0384,-129.90001)"><g data-paper-data="{&quot;isPaintingLayer&quot;:true}" fill-rule="nonzero" stroke="none" stroke-width="1" stroke-linecap="butt" stroke-linejoin="miter" stroke-miterlimit="10" stroke-dasharray="" stroke-dashoffset="0" style="mix-blend-mode: normal"><g><path d="M350.19684,227.60001c-3.2,0.2 -5.2,0.5 -6.1,0.7c-1.7,0.6 -5.1,1.8 -9.6,1.8c-5.6,0 -11,-1.9 -15.3,-5.3h-3.3c-1.1,0 -2.2,-0.1 -3.2,-0.3c-4.7,1.6 -8.6,1.6 -10.9,1.6h-1c-5.7,0.3 -11.3,-0.9 -16.2,-3.2c-2.3,0.7 -4.6,1 -7.1,1.1l-15.1,0.2c-6.8,0.1 -13.1,-2.6 -17.8,-7c-2,0 -3.9,-0.2 -5.8,-0.7c-2.6,3 -5.8,5.4 -9.6,7.2c-7.6,3.7 -16.3,3.9 -24.5,0.6c-1,-0.4 -1.9,-0.8 -2.8,-1.3l-9.2,1.3c-0.2,0 -0.3,0.1 -0.5,0.1c-0.9,0.1 -1.7,0.1 -2.4,0.2c-1,0.6 -2,1.1 -2.9,1.5c-6.3,2.9 -11.7,3 -14.3,3h-0.9c-0.4,0 -0.9,0 -1.3,0c-7,0 -13.7,-1.9 -19.2,-5.5c-1.7,0.4 -3.4,0.7 -5.2,0.8c-3.8,2.6 -8.1,4.1 -12.8,4.3c-0.4,0 -1,0 -1.6,0c-13.3,0 -24.4,-10.3 -25.4,-23.6v-0.1c0,-0.2 0,-0.3 0,-0.5c-0.1,-2.1 -0.3,-6.3 0,-11.2c0.1,-2.3 0.2,-6.2 0.2,-6.7v-0.2c0.1,-3.3 0.8,-6.7 2.1,-9.7c-0.3,-3.1 -0.2,-6.4 0.2,-9.8l0.1,-1c0.4,-3 1.1,-8.6 4.2,-14.2c5.1,-9.7 14.8,-15.7 25.9,-15.9c3.4,-1.7 7.2,-2.6 11.1,-2.6c0.4,0 0.8,0 1.1,0c8.2,0.4 15.3,4.6 19.8,10.9c3.6,-3.1 8.1,-5.2 13,-5.9c9.6,-1.4 17.8,-1.5 24.8,-0.5c3.7,-3.3 8.3,-5.5 13.4,-6.2l10.4,-1.4c1.5,-0.2 2.7,-0.2 3.6,-0.2c6.2,0 12.2,2.3 16.9,6.4c0.2,0 0.5,0 0.7,0l15.5,-0.3c6.5,-0.1 12.3,-0.5 13.6,-0.6c0.5,0 0.9,-0.1 1.4,-0.1c0.3,0 0.6,0 0.9,0c5.8,0 11.6,2.1 16.1,5.8c4.3,-3.2 9.6,-5 15.2,-5h5.3c3.9,-2.6 8.5,-4 13.3,-4.1l13.1,-0.2h0.2c13.8,0 25.2,11.2 25.5,25c0.1,6.3 -2.2,12.3 -6.1,17l0.1,11.7c3.5,4.1 5.7,9.3 6.1,14.9c1,14.1 -9.7,26.3 -23.7,27.2z" fill="#ffffff"/><path d="M349.29684,213.30001c-5.1,0.3 -8.3,0.9 -9.2,1.2l-0.6,0.2c-1.1,0.4 -2.8,1.1 -5,1.1c-2.6,0 -5.2,-1 -7.1,-2.8c-0.8,-0.7 -1.5,-1.5 -2,-2.4l-9.2,-0.1c-1.6,0 -3.2,-0.4 -4.6,-1.1c-0.6,0.3 -1.1,0.6 -1.7,0.8c-3.3,1.6 -6.2,1.6 -8.3,1.6h-1.3c-0.2,0 -0.5,0 -0.7,0c-6.1,0 -10.9,-2.2 -14.3,-5.5v0c-2.1,2.1 -4.9,3.3 -7.9,3.4l-15.1,0.2c-5.4,0 -10,-3.9 -11,-9.1c-1.9,1.3 -4.1,2 -6.4,2c-2.4,0 -4.8,-0.8 -6.7,-2.2c-0.4,-0.3 -0.8,-0.6 -1.2,-1c-1.4,0.6 -2.9,1 -4.6,1h-0.6c-1.8,5 -4.5,8.1 -8.7,10.2c-2.1,1 -4.3,1.5 -6.6,1.5c-2.1,0 -4.3,-0.4 -6.5,-1.3c-2,-0.8 -3.6,-1.9 -4.9,-3.2c-0.8,0.3 -1.7,0.6 -2.6,0.7l-11.9,1.8c-0.6,0.1 -1.1,0.1 -1.6,0.1c-1.1,0 -2.1,-0.1 -3.1,-0.4c-1.7,1.6 -3.6,2.6 -5.2,3.3c-3.3,1.6 -6.2,1.6 -8.3,1.6h-1.3c-0.3,0 -0.5,0 -0.7,0c-7.3,0 -12.8,-3.2 -16.3,-7.7c-3.3,2 -7.2,3.1 -11,3.1c-0.8,0 -1.7,-0.1 -2.5,-0.2c-0.2,0.2 -0.3,0.4 -0.5,0.7c-2,2.2 -4.7,3.6 -7.7,3.8c-0.2,0 -0.4,0 -0.7,0c-5.8,0 -10.7,-4.6 -11.1,-10.4v-0.2c-0.1,-1.9 -0.2,-5.5 0,-9.7c0.2,-2.7 0.2,-7.2 0.2,-7.4v0c0.1,-2.8 1.1,-5.3 2.8,-7.3c-0.9,-3 -1.1,-6.5 -0.6,-10.7l0.1,-0.7c0.3,-2.4 0.8,-6.1 2.6,-9.7c2.8,-5.3 8,-8.4 14.1,-8.4c0.4,0 0.7,0 1.1,0c0.6,0 1.2,0.1 1.8,0.2c2,-1.8 4.6,-2.8 7.4,-2.8h0.1c6.1,0.1 11.1,5.1 11.1,11.2v0.3c0,0 -0.1,2 -0.2,4.6c2.1,-0.9 4.4,-1.4 6.8,-1.4c1.1,0 2.2,0.1 3.2,0.3c1.7,-1.9 3.9,-3.2 6.4,-3.6c0.3,-0.7 0.7,-1.3 1.2,-2c1.8,-2.4 4.4,-4 7.4,-4.4c2.4,-0.3 7.5,-1 12.8,-1c6.6,0 11.9,1 15.9,2.9c1,-4.4 4.7,-7.9 9.4,-8.6l10.5,-1.4c0.5,-0.1 1,-0.1 1.5,-0.1c3.1,0 6.1,1.3 8.2,3.5c0.8,0.8 1.9,2.4 2.5,3.8l0.5,1.2c1.9,-1.4 4.1,-2.2 6.6,-2.2l15.6,-0.3c7.6,-0.1 14.4,-0.6 14.7,-0.6h0.2c0.2,0 0.5,0 0.7,0c3,0 5.9,1.2 8,3.4c1.7,1.7 2.7,3.8 3.1,6.1c0.3,0 0.6,0 0.9,0c1.1,0 2.2,0.1 3.2,0.2c1.7,-1.9 4,-3.2 6.7,-3.6c2,-3.2 5.5,-5.3 9.5,-5.3h10.5c2,-2.4 5,-4 8.5,-4.1l13,-0.2c6.1,0 11.1,4.9 11.2,11c0,4.4 -2.5,8.3 -6.2,10.2c0.1,12.2 0.1,19.8 0.1,24.8c3.4,1.8 5.8,5.2 6.1,9.2c0.3,6.2 -4.4,11.5 -10.5,11.9z" fill="#ffab19"/><path d="M140.09684,178.80001c4.9,0.8 15.1,2.4 15.2,11.5c0,3 -1.4,6 -4,8.2c-2.9,2.5 -6.6,3.5 -10.3,2.9c-2.8,-0.4 -5.2,-1.6 -7,-2.7c0,2.7 0.1,4.6 0.1,4.6c0.1,1.4 -0.9,2.5 -2.3,2.6c-1.3,0.1 -2.5,-0.9 -2.6,-2.3c0,-0.2 -0.3,-4.1 0,-8.8c0.1,-2.9 0.2,-7.8 0.2,-7.8c0,-1.3 1.1,-2.4 2.5,-2.4c1.3,0 2.4,1.1 2.4,2.5c0,0 0,0.4 0,1c0.1,1.3 0.5,3.3 1.4,4.6c1.1,1.5 3.3,2.8 4.2,3.3c0.6,0.2 1.2,0.4 1.9,0.5c2.2,0.4 4.5,-0.3 6.3,-1.8c1.5,-1.3 2.3,-2.9 2.3,-4.5c-0.1,-4 -4.5,-5.6 -11.1,-6.6c-6.1,-0.9 -8.7,-5.8 -7.7,-13.6l0.2,-0.8c0.5,-4 1.3,-10.8 8.7,-10.4c2.8,0.2 5.3,2.1 7.2,4.2c0.1,-2.2 0.1,-4.3 0.1,-4.3c0,-1.3 1.1,-2.4 2.5,-2.4c1.3,0 2.4,1.1 2.4,2.5c0,0.3 -0.6,15.6 -0.6,15.8c-0.3,1.4 -1.6,2.2 -2.9,2c-1,-0.2 -1.8,-1 -2,-2v0l-0.2,-1.4c-0.1,-1.2 -0.3,-2.2 -1,-3.9c-0.9,-2.3 -2.6,-3.4 -3.4,-4.3c-0.9,-0.7 -1.7,-1.2 -2.4,-1.2c-2.4,-0.1 -3,1 -3.6,6.1l-0.1,0.7c-0.7,5.9 0.8,7.8 3.6,8.2" fill="#ffffff"/><path d="M208.39684,171.70001c1.2,-1.6 1.9,-3 2.1,-3.9c0,-0.2 -0.1,-0.4 -0.2,-0.6c-1.1,-1.9 -6.8,-2.6 -13.3,-2.4v11.2c2.5,-0.4 4.8,-1.1 6.5,-1.7l1.2,-0.4c0.8,-0.3 1.6,-0.5 2.2,-0.9c0.7,-0.4 1.3,-1 1.5,-1.3M222.29684,193.60001c1.3,0.4 2,1.8 1.4,3.3c-1.2,3.6 -2.5,5.1 -4.7,6.2c-2.4,1.1 -4.7,0.5 -6.2,-0.1c-2,-0.8 -3.2,-3 -3.5,-3.7c-1,-2.2 -1.3,-7 -1.3,-8.2c-0.1,-6.2 -1.1,-8.8 -1.9,-9.9c-0.6,-0.9 -1.1,-1 -2.1,-1.2c-0.3,-0.1 -0.9,0 -0.9,0c-1.8,0.5 -4.1,1 -6.4,1.4l0.1,14.1l3.6,-0.5c1.4,-0.2 2.6,0.8 2.8,2.1c0.2,1.4 -0.8,2.6 -2.1,2.8l-11.9,1.8c-1.4,0.2 -2.6,-0.7 -2.8,-2.1c-0.2,-1.4 0.7,-2.6 2.1,-2.8l3.4,-0.5l-0.1,-14.3c-0.4,0 -0.8,0 -1.2,0c-1.4,0 -2.5,-1.2 -2.5,-2.5c0,-1.4 1.1,-2.5 2.5,-2.5c0.4,0 0.8,0 1.2,0v-11.4c-1.3,0.2 -2.5,0.3 -3.8,0.5c-1.4,0.2 -2.6,-0.8 -2.8,-2.1c-0.2,-1.4 0.7,-2.6 2.1,-2.8c5.3,-0.8 23,-2.8 27,4c1.6,2.7 0.9,6.1 -2.1,10v0.1c-0.1,0.1 -1.1,1.3 -2.5,2.2c2.1,2.2 3.3,6.2 3.5,13.4c0.1,2 0.5,5.4 0.9,6.2c0.2,0.5 0.7,1.1 0.8,1.2c1,0.4 1.7,0.4 2.2,0.2c0.5,-0.3 1.2,-0.4 2.1,-3.3c0.4,-1.3 1.8,-2 3.1,-1.6" fill="#ffffff"/><path d="M310.69684,185.90001c1.4,-0.1 2.5,1 2.5,2.5l0.1,1l-0.1,2.8c0,0.6 -0.5,3.4 -1.4,5.1c-0.6,1.1 -1.3,1.9 -2,2.7c-1,1.1 -2.3,1.8 -3.5,2.3c-1.6,0.8 -3,0.8 -4.7,0.8h-1.4c-9.2,0.3 -12.1,-6.9 -12.4,-10.7l-0.1,-4.5l0.1,-6.9c0.4,-6.2 2.1,-10 5.1,-11.9c3.8,-2.4 8.6,-0.4 10.1,0.2c1.3,0.5 2.3,1.2 3.3,1.9v-4.4c0,-1.4 1.1,-2.5 2.5,-2.5c1.4,0 2.5,1.1 2.5,2.5v10.6c0,1.1 -0.7,2.1 -1.8,2.4c-1.1,0.3 -2.2,-0.2 -2.8,-1.1c0,0 -2.2,-3.5 -5.5,-4.9c-2.7,-1.1 -4.6,-1.3 -5.7,-0.6c-1.5,0.9 -2.5,3.8 -2.8,8l-0.1,6.6l0.1,4.2c0.1,1.1 0.9,6.3 7.3,6.1h1.5c1.5,0 2.1,0 2.7,-0.3c0.6,-0.2 1.5,-0.7 1.9,-1.1c0.7,-0.8 1,-1.3 1.4,-1.9c0.3,-0.6 0.7,-2.2 0.8,-3.2c0,-0.3 0.1,-2.2 0.1,-2.3l-0.1,-0.9c0,-1.4 1.1,-2.5 2.4,-2.5" fill="#ffffff"/><path d="M350.99684,202.00001c0.1,1.3 -0.9,2.5 -2.2,2.4c-5.9,0.4 -10.6,1.2 -12,1.8v0c-1.4,0.5 -2.5,1 -3.5,0.1c-1,-0.9 -1.1,-2.4 -0.2,-3.4c1.4,-1.5 3.6,-1.8 7,-2.4c0,-3.3 -0.1,-9.4 -0.1,-18.7l-14.5,2.4v12.5l4.2,0.1c1.3,0 2.4,1.1 2.4,2.5c0,1.3 -1.1,2.4 -2.5,2.4l-13.3,-0.2c-1.3,0 -2.4,-1.1 -2.4,-2.5c0,-1.3 1.1,-2.4 2.5,-2.4l4.1,0.1l0.1,-32.7h-4.1c-1.4,0 -2.5,-1.1 -2.5,-2.5c0,-1.4 1.1,-2.5 2.5,-2.5h12.9c1.3,0 2.4,1.1 2.4,2.5c0,1.4 -1,2.5 -2.4,2.5h-3.9v15.3l14.5,-2.4c0,-5.8 -0.1,-11.6 -0.1,-17l-4.1,0.1c-1.4,0 -2.5,-1 -2.5,-2.4c0,-1.3 1,-2.5 2.4,-2.5l12.8,-0.2c1.4,0 2.5,1 2.5,2.4c0,1.4 -1,2.5 -2.4,2.5l-3.8,0.1c0.2,27.5 0.2,35.9 0.2,40.1c1.3,-0.2 2.5,-0.2 3.4,-0.3c1.3,-0.1 2.5,1 2.6,2.3" fill="#ffffff"/><path d="M242.39684,177.80001l-5.4,-13.3l-3,14.7zM255.49684,183.20001c1.3,-0.5 2.7,0.2 3.2,1.4c0.4,1.2 -0.2,2.6 -1.5,3.1c-4.6,1.6 -9.2,3.8 -10.3,5.3c-0.8,1.1 -2.3,1.3 -3.4,0.5c-1.1,-0.8 -1.3,-2.3 -0.5,-3.4c0.9,-1.2 2,-1.8 3.9,-2.9l-2.4,-6l-11.4,1.9l-0.6,3.8c1.8,0 2.6,1.2 2.5,2.6c-0.1,1.3 -1.2,2.4 -2.6,2.3l-12.2,-0.6c-1.4,-0.1 -2.5,-1.2 -2.4,-2.6c0.1,-1.3 1.2,-2.4 2.6,-2.3l7.1,0.3c1.2,-5.5 4.8,-23.8 5.7,-28.3c-3.2,0.4 -7.1,1 -7.1,1c-1.4,0.2 -2.6,-0.8 -2.8,-2.1c-0.2,-1.4 0.7,-2.6 2.1,-2.8l10.5,-1.4c0.8,-0.1 1.6,0.2 2.1,0.8c0.2,0.2 0.7,1 0.8,1.2l9.2,22.3l3.2,7.8c2.2,-0.9 3.6,-1.7 4.3,-1.9" fill="#ffffff"/><path d="M284.99684,158.40001c0.7,0 1.4,0.3 1.9,0.7c0.5,0.5 0.7,1.2 0.7,1.9c-0.3,3.6 -0.3,9.1 -0.3,9.1c0.1,1.1 -0.4,2.1 -1.3,2.5c-1.1,0.5 -2.5,0.2 -3.1,-0.9c-0.2,-0.4 -0.5,-0.9 -0.5,-3.5c0,-1.1 0.1,-2.7 0.2,-4.7c-2.4,0.2 -6.1,0.4 -10.3,0.5v32.1l4.9,-0.1c1.4,0 2.5,1 2.5,2.4c0,1.4 -1.1,2.5 -2.4,2.5l-15,0.2c-1.4,0 -2.5,-1 -2.5,-2.4c-0.1,-1.4 1,-2.5 2.4,-2.5l5.2,-0.1l-0.1,-32.1c0,0 -9.8,0.2 -10.4,0.2c0.5,3.4 1.5,9.6 1.5,9.7c0,1.2 -0.9,2.2 -2.1,2.4c-1.3,0.2 -2.6,-0.8 -2.8,-2.1l-1.9,-12.1c-0.2,-0.7 0.1,-1.4 0.5,-1.9c0.5,-0.6 1.2,-0.9 1.9,-0.9l15.7,-0.2c8,-0.2 15.2,-0.7 15.3,-0.7" fill="#ffffff"/><path d="M181.49684,188.50001c1.4,-0.1 2.5,1 2.7,2.5l0.1,1.4l-0.1,2.9c-0.1,0.6 -0.6,3.4 -1.5,5.1c-0.6,1.1 -1.3,1.9 -2,2.7c-1,1.1 -2.3,1.7 -3.5,2.3c-1.6,0.8 -3,0.8 -4.7,0.8h-1.4c-9.2,0.2 -12.1,-7 -12.4,-10.8v-0.1l-0.1,-4.3v-0.1l0.1,-6.7v-0.1c0.4,-6.2 2.1,-10.1 5.1,-11.9c3.8,-2.4 8.5,-0.5 10.1,0.2c1.2,0.5 2.2,1.2 3.2,1.9v-4.4c0,-1.4 1.1,-2.5 2.5,-2.5c1.4,0 2.5,1.1 2.5,2.5v10.7c0,1.1 -0.7,2 -1.8,2.3c-1.1,0.3 -2.2,-0.2 -2.8,-1.1c0,0 -2.2,-3.5 -5.5,-4.9c-2.7,-1.1 -4.5,-1.3 -5.7,-0.6c-1.5,0.9 -2.5,3.8 -2.8,8l-0.1,6.6l0.1,4.2c0.1,1.2 0.9,6.4 7.3,6.2h1.5c1.5,0 2.1,0 2.7,-0.3c0.6,-0.3 1.5,-0.7 1.9,-1.2c0.7,-0.8 1.1,-1.3 1.5,-1.9c0.3,-0.6 0.6,-2.2 0.8,-3.2c0,-0.3 0,-2.2 0,-2.3l-0.1,-1.4c0,-1.4 1.1,-2.5 2.4,-2.5" fill="#ffffff"/></g></g></g></svg>
  </div>
</body>
</html>
